Coefficients: [1.2186268911299998, 0.011709972636751515]
Intercept: -5.076975875776666
