Coefficients: [2.1168613890499994, 0.0029601609361395997]
Intercept: -3.13016875339971
