Coefficients: [1.5215208540274998, 0.002928072418042683]
Intercept: -4.958996578768748
